1         
2         
3         
4         
5         
6         
7         
8         
9        
10        
11        
12        
13        
14        
15        
16        
17        
18        
19        
20        
21        
22        
23        
24        
25        
26        
27        
28        
29        
30        
31        
32        
33        
34        
35        
36        
37        
38        
39        
40        
41        
42        
43        
44        
45        
46        
47        
48        
49        
50        
55        
60        
65        
70        
75        
80        
85        
90        
95       
100       
110       
120       
130       
140       
150       
160       
170       
180       
190       
200       
220       
240       
260       
280       
300       
320       
340       
360       
380       
400       
420       
440       
460       
480       
500       
520       
540       
560       
580       
600       
620       
640       
660       
680       
700       
720       
740       
760       
780       
800