3.617e-06 
3.527e-06 
3.771e-06 
4.098e-06 
4.283e-06 
4.118e-06 
4.044e-05 
4.542e-06 
4.174e-06 
1.400e-06 
1.308e-06 
9.440e-07 
9.890e-07 
9.940e-07 
9.610e-07 
8.460e-07
2.192e-05 
1.879e-05 
2.224e-05 
1.498e-06 
1.809e-06 
1.651e-06 
1.235e-06 
1.144e-06 
9.470e-07 
1.089e-06 
1.156e-06 
1.127e-06 
1.053e-06 
9.510e-07 
9.820e-07 
9.840e-07 
8.980e-07 
9.100e-07 
9.520e-07 
9.010e-07 
9.260e-07 
9.210e-07 
8.890e-07 
8.960e-07 
9.350e-07 
9.140e-07 
9.120e-07 
9.440e-07 
9.050e-07 
9.260e-07 
9.660e-07 
9.200e-07 
9.600e-07 
1.968e-06 
1.532e-06 
1.358e-06 
1.339e-06 
1.357e-06 
1.358e-06 
1.511e-06 
1.524e-06 
1.631e-06 
1.639e-06 
2.424e-06 
2.341e-06 
2.145e-06 
2.132e-06 
1.990e-06 
2.058e-06 
1.959e-06 
1.809e-06 
1.965e-06 
1.960e-06 
3.650e-06 
3.401e-06 
2.988e-06 
2.885e-06 
2.661e-06 
2.774e-06 
3.004e-06 
3.083e-06 
3.134e-06 
3.261e-06 
5.262e-06 
5.760e-06 
4.788e-06 
4.512e-06 
4.473e-06 
4.522e-06 
4.593e-06 
5.238e-06 
4.767e-06 
4.800e-06 
5.101e-06 
4.775e-06 
5.145e-06 
5.220e-06 
5.415e-06 
5.564e-06 
5.786e-06 
6.038e-06 
6.216e-06 
6.622e-06 
8.749e-06