5.125e-06
3.855e-06 
3.958e-06 
4.257e-06 
4.615e-06 
5.116e-06 
5.728e-06 
6.620e-06 
8.087e-06 
1.077e-05 
4.246e-06 
4.150e-06 
6.046e-06 
9.465e-06 
1.510e-05 
2.464e-05 
6.792e-05 
6.629e-05 
1.622e-04 
1.816e-04 
3.299e-04 
5.240e-04 
8.859e-04 
1.399e-03 
2.525e-03 
3.910e-03 
6.312e-03 
1.058e-02 
1.783e-02 
3.007e-02 
5.088e-02 
8.264e-02 
1.348e-01
2.303e-01 
3.748e-01 
6.320e-01 
1.046e+00 
1.747e+00 
2.909e+00 
4.832e+00 
8.111e+00 
1.359e+01 
2.343e+01 
3.779e+01 
6.216e+01 
1.032e+02 
1.746e+02 
2.880e+02 
4.762e+02 
7.950e+02