9.741e-06 
3.716e-06 
3.531e-06 
3.807e-06 
3.676e-06 
3.688e-06 
3.720e-06 
3.730e-06 
3.875e-06 
1.201e-06 
1.188e-06 
7.670e-07 
7.560e-07 
7.390e-07 
7.350e-07 
7.780e-07 
8.070e-07 
7.390e-07 
7.610e-07 
1.439e-06 
1.276e-06 
1.064e-06 
7.900e-07 
7.940e-07 
8.340e-07 
8.380e-07 
7.890e-07 
7.820e-07 
7.790e-07 
8.360e-07 
7.990e-07 
7.950e-07 
7.910e-07 
8.410e-07 
8.830e-07 
9.240e-07 
8.760e-07 
8.390e-07 
9.050e-07 
8.960e-07 
9.140e-07 
8.510e-07 
8.450e-07 
8.440e-07 
8.510e-07 
8.830e-07 
8.680e-07 
8.860e-07 
8.830e-07 
1.776e-06 
1.311e-06 
1.080e-06 
1.071e-06 
1.057e-06 
1.033e-06 
1.056e-06 
1.034e-06 
1.069e-06 
1.165e-06 
6.960e-06 
1.945e-06 
1.579e-06 
1.429e-06 
1.427e-06 
1.409e-06 
1.539e-06 
1.611e-06 
1.571e-06 
1.519e-06 
2.620e-06 
2.854e-06 
2.188e-06 
2.120e-06 
2.223e-06 
2.315e-06 
2.357e-06 
2.404e-06 
2.562e-06 
2.675e-06 
4.090e-06 
4.317e-06 
3.455e-06 
3.386e-06 
3.232e-06 
3.416e-06 
3.559e-06 
3.474e-06 
3.661e-06 
3.691e-06 
3.793e-06 
3.956e-06 
3.871e-06 
4.148e-06 
4.184e-06 
4.424e-06 
4.579e-06 
4.673e-06 
4.809e-06 
4.995e-06 
6.697e-06