3.779e-06 
3.598e-06 
3.624e-06 
3.820e-06 
3.736e-06 
3.895e-06 
3.750e-06 
3.748e-06 
4.060e-06 
1.456e-06 
1.062e-06 
7.420e-07 
7.540e-07 
7.190e-07 
7.380e-07 
7.820e-07 
7.320e-07 
7.180e-07 
7.460e-07 
1.200e-06 
1.048e-06 
8.290e-07 
7.850e-07 
7.920e-07 
8.540e-07 
7.940e-07 
7.500e-07 
7.590e-07 
7.650e-07 
8.050e-07 
7.970e-07 
7.910e-07 
7.820e-07 
8.230e-07 
8.700e-07 
9.370e-07 
8.350e-07 
7.950e-07 
8.140e-07 
8.330e-07 
8.890e-07 
7.530e-07 
7.720e-07 
7.540e-07 
7.430e-07 
7.670e-07 
7.440e-07 
7.330e-07 
7.790e-07 
1.592e-06 
9.470e-07 
8.430e-07 
7.800e-07 
7.990e-07 
8.360e-07 
8.150e-07 
8.290e-07 
8.200e-07 
1.002e-06 
1.564e-06 
9.930e-07 
8.670e-07 
8.720e-07 
9.050e-07 
9.020e-07 
1.052e-06 
1.062e-06 
8.140e-07 
8.620e-07 
1.678e-06 
1.529e-06 
9.870e-07 
9.780e-07 
1.153e-06 
9.660e-07 
1.009e-06 
1.145e-06 
8.860e-07 
1.003e-06 
2.595e-06 
1.294e-06 
1.036e-06 
1.247e-06 
9.610e-07 
1.068e-06 
1.197e-06 
9.390e-07 
1.219e-06 
1.137e-06 
9.510e-07 
1.119e-06 
1.124e-06 
9.810e-07 
1.139e-06 
1.036e-06 
1.008e-06 
1.158e-06 
8.850e-07 
9.370e-07 
1.641e-06