1.173e-05 
3.925e-06 
3.779e-06 
4.204e-06 
4.295e-06 
4.151e-06 
4.167e-06 
4.565e-06 
4.208e-06 
4.717e-06 
1.625e-06 
9.390e-07 
9.680e-07 
9.430e-07 
9.410e-07 
8.430e-07 
9.440e-07 
9.660e-07 
9.970e-07 
9.630e-07 
2.202e-06 
1.932e-06 
1.184e-06 
1.123e-06 
9.240e-07 
1.010e-06 
1.053e-06 
1.063e-06 
1.062e-06 
9.290e-07 
9.910e-07 
9.490e-07 
8.850e-07 
8.920e-07 
8.960e-07 
8.980e-07 
8.830e-07 
9.280e-07 
8.930e-07 
9.280e-07 
9.130e-07 
8.830e-07 
9.320e-07 
9.360e-07 
9.120e-07 
9.480e-07 
9.240e-07 
9.210e-07 
9.500e-07 
9.940e-07 
1.813e-06 
1.302e-06 
1.331e-06 
1.349e-06 
1.414e-06 
1.491e-06 
1.533e-06 
1.624e-06 
1.575e-06 
1.563e-06 
2.636e-06 
2.103e-06 
2.141e-06 
1.908e-06 
1.990e-06 
1.916e-06 
1.856e-06 
1.905e-06 
1.981e-06 
2.236e-06 
3.622e-06 
3.090e-06 
5.422e-06 
2.824e-06 
3.012e-06 
3.116e-06 
3.284e-06 
3.324e-06 
3.344e-06 
3.390e-06 
6.118e-06 
4.699e-06 
6.777e-06 
4.454e-06 
4.338e-06 
4.579e-06 
5.072e-06 
4.825e-06 
4.993e-06 
5.179e-06 
5.000e-06 
5.263e-06 
5.490e-06 
7.243e-06 
5.866e-06 
6.032e-06 
6.165e-06 
6.589e-06 
6.697e-06 
6.587e-06